% -------------------------------------------------------------------
%  Generated by MATLAB on 6-Jan-2021 19:23:57
%  MATLAB version: 9.8.0.1451342 (R2020a) Update 5
% -------------------------------------------------------------------
                                                    

qf = [0.4636 -0.6539 0.6987 0];

smiData = struct;
smiData.RigidTransform = struct;
smiData.RigidTransform(1).translation = ...
  [0 14 0];
smiData.RigidTransform(1).angle = 2.0943951023931953;
smiData.RigidTransform(1).axis = [-0.57735026918962584 -0.57735026918962573 ...
                                  -0.57735026918962573];
smiData.RigidTransform(1).ID = 'B[base-2:-:1-1]';
smiData.RigidTransform(2).translation = ...
  [0 15 0];
smiData.RigidTransform(2).angle = 2.0943951023931957;
smiData.RigidTransform(2).axis = [-0.57735026918962584 -0.57735026918962573 ...
                                  -0.57735026918962573];
smiData.RigidTransform(2).ID = 'F[base-2:-:1-1]';
smiData.RigidTransform(3).translation = ...
  [0 69 57.5];
smiData.RigidTransform(3).angle = 0;
smiData.RigidTransform(3).axis = [0 0 0];
smiData.RigidTransform(3).ID = 'B[1-1:-:2-1]';
smiData.RigidTransform(4).translation = ...
  [-1.3109513474773848E-12 69.000000000000256 57.500000000006054];
smiData.RigidTransform(4).angle = 3.9638372217336289E-16;
smiData.RigidTransform(4).axis = [0.62959241546349753 -0.77692560158025359 ...
                                  -9.6944848467138792E-17];
smiData.RigidTransform(4).ID = 'F[1-1:-:2-1]';
smiData.RigidTransform(5).translation = ...
  [7.9999999999999885 368.99999999999994 29.999999999999996];
smiData.RigidTransform(5).angle = 0;
smiData.RigidTransform(5).axis = [0 0 0];
smiData.RigidTransform(5).ID = 'B[2-1:-:3-1]';
smiData.RigidTransform(6).translation = ...
  [8.0000000000000426 368.99999999999994 30.000000000000004];
smiData.RigidTransform(6).angle = 8.4339149232091212E-16;
smiData.RigidTransform(6).axis = [0.68098267769440113 0.73229952388361108 ...
                                  2.1029262234781151E-16];
smiData.RigidTransform(6).ID = 'F[2-1:-:3-1]';
smiData.RigidTransform(7).translation = ...
  [117 409.00000000000006 0];
smiData.RigidTransform(7).angle = 2.0943951023931953;
smiData.RigidTransform(7).axis = [0.57735026918962584 0.57735026918962584 ...
                                  0.57735026918962584];
smiData.RigidTransform(7).ID = 'B[3-1:-:4-1]';
smiData.RigidTransform(8).translation = ...
  [117 409 3.5527136788005009E-15];
smiData.RigidTransform(8).angle = 2.0943951023931962;
smiData.RigidTransform(8).axis = [0.57735026918962673 0.577350269189626 ...
                                  0.57735026918962462];
smiData.RigidTransform(8).ID = 'F[3-1:-:4-1]';
smiData.RigidTransform(9).translation = ...
  [0 0 0];
smiData.RigidTransform(9).angle = 0;
smiData.RigidTransform(9).axis = [0 0 0];
smiData.RigidTransform(9).ID = 'RootGround[base-2]';
smiData.Solid = struct;
smiData.Solid(1).mass = 5601.70747160979;
smiData.Solid(1).CoM = [2.30514484591641 64.1340177827463 -39.33851135161823 ...
                        ];
smiData.Solid(1).MoI = [9.34138602498709E+6 9.163456616359E+6 588055.90866488 ...
                        ];
smiData.Solid(1).PoI = [-4799.4722776821036 -507894.77265302051 -57894.281254526511 ...
                        ];
smiData.Solid(1).color = [0.6470588235294118 0.61960784313725492 0.58431372549019611 ...
                          ];
smiData.Solid(1).opacity = 1;
smiData.Solid(1).ID = '1*:*Default';
smiData.Solid(2).mass = 2801.0300684280573;
smiData.Solid(2).CoM = [7.9993528994886534 364.37045273327351 -46.876328837812665 ...
                        ];
smiData.Solid(2).MoI = [394458.19047689787 288966.095748614 186261.17525911628 ...
                        ];
smiData.Solid(2).PoI = [-58608.316629350207 125.95629746884913 -438.19533731818507 ...
                        ];
smiData.Solid(2).color = [0.6470588235294118 0.61960784313725492 0.58431372549019611 ...
                          ];
smiData.Solid(2).opacity = 1;
smiData.Solid(2).ID = '2*:*Default';
smiData.Solid(3).mass = 0.36813379064306051;
smiData.Solid(3).CoM = [0 14.41752449477036 0];
smiData.Solid(3).MoI = [491.97301009173867 860.07863649120429 491.97301009173856 ...
                        ];
smiData.Solid(3).PoI = [0 0 0];
smiData.Solid(3).color = [0.6470588235294118 0.61960784313725492 0.58431372549019611 ...
                          ];
smiData.Solid(3).opacity = 1;
smiData.Solid(3).ID = 'base*:*Default';
smiData.Solid(4).mass = 2800.7968425039116;
smiData.Solid(4).CoM = [77.116390382107213 404.38946252891316 -0.00027982220403897527 ...
                        ];
smiData.Solid(4).MoI = [174860.92145390995 288057.41943030705 382533.1698728053 ...
                        ];
smiData.Solid(4).PoI = [11.978618784241565 7.1143466264511881 -61207.230238128614 ...
                        ];
smiData.Solid(4).color = [0.6470588235294118 0.61960784313725492 0.58431372549019611 ...
                          ];
smiData.Solid(4).opacity = 1;
smiData.Solid(4).ID = '3*:*Default';
smiData.Solid(5).mass = 0.10198391387407685;
smiData.Solid(5).CoM = [141.96226640532839 409.8544414808 -1.3359100990251815E-5 ...
                        ];
smiData.Solid(5).MoI = [44.490998140717046 153.80398484489825 152.91186668851122 ...
                        ];
smiData.Solid(5).PoI = [2.6171931112498682E-5 0.00011379249712490148 -6.0640817813141723 ...
                        ];
smiData.Solid(5).color = [0.6470588235294118 0.61960784313725492 0.58431372549019611 ...
                          ];
smiData.Solid(5).opacity = 1;
smiData.Solid(5).ID = '4*:*Default';
smiData.RevoluteJoint = struct;
smiData.RevoluteJoint(1).Rz = struct;
smiData.RevoluteJoint(1).Rz.Pos = -1.1017764609091712E-14;
smiData.RevoluteJoint(1).ID = '[base-2:-:1-1]';
smiData.RevoluteJoint(2).Rz = struct;
smiData.RevoluteJoint(2).Rz.Pos = -7.2501974537324037;
smiData.RevoluteJoint(2).ID = '[1-1:-:2-1]';
smiData.RevoluteJoint(3).Rz = struct;
smiData.RevoluteJoint(3).Rz.Pos = 15.998844688491557;
smiData.RevoluteJoint(3).ID = '[2-1:-:3-1]';
smiData.RevoluteJoint(4).Rz = struct;
smiData.RevoluteJoint(4).Rz.Pos = -3.1512426592025395;
smiData.RevoluteJoint(4).ID = '[3-1:-:4-1]';

